2022/1/5 0.002342 4.27 4.28 4.3 4.25 149797818
2022/1/6 0.004673 4.28 4.27 4.31 4.26 123649325
2022/1/7 0.006977 4.3 4.35 4.42 4.28 242168275
2022/1/10 0.0 4.33 4.34 4.37 4.3 175182904
2022/1/11 0.004619 4.33 4.3 4.35 4.3 115552413
2022/1/12 0.0 4.35 4.32 4.37 4.31 142507078
2022/1/13 0.002299 4.35 4.37 4.41 4.34 255377092
2022/1/14 -0.018349 4.36 4.25 4.36 4.25 205778466
2022/1/17 -0.009346 4.28 4.23 4.3 4.21 158774427
2022/1/18 0.025943 4.24 4.34 4.34 4.23 223752770
2022/1/19 -0.011494 4.35 4.34 4.37 4.31 136853238
2022/1/20 0.002326 4.3 4.35 4.36 4.29 141549303
2022/1/21 -0.00464 4.31 4.29 4.32 4.25 174260523
2022/1/24 -0.006993 4.29 4.28 4.31 4.26 108255840
2022/1/25 -0.011737 4.26 4.19 4.27 4.18 178430360
2022/1/26 0.007126 4.21 4.25 4.26 4.18 151337401
2022/1/27 0.002358 4.24 4.23 4.27 4.22 168069732
2022/1/28 0.0 4.25 4.19 4.26 4.18 174000620
2022/2/7 0.018824 4.25 4.36 4.38 4.25 345857172
2022/2/8 0.011547 4.33 4.42 4.43 4.32 272179145
2022/2/9 0.006849 4.38 4.39 4.43 4.38 189094191
2022/2/10 0.006803 4.41 4.45 4.46 4.38 178386242
2022/2/11 0.031532 4.44 4.5 4.61 4.42 306329470
2022/2/14 -0.037118 4.58 4.44 4.59 4.41 307322656
2022/2/15 -0.022676 4.41 4.35 4.43 4.33 207664712
2022/2/16 0.00464 4.31 4.35 4.37 4.29 137740446
2022/2/17 0.0 4.33 4.35 4.38 4.32 125887122
2022/2/18 0.009238 4.33 4.38 4.38 4.32 104729777
2022/2/21 0.006865 4.37 4.36 4.38 4.34 93679728
2022/2/22 -0.004545 4.4 4.4 4.42 4.34 193828263
2022/2/23 -0.011416 4.38 4.33 4.39 4.32 191024437
2022/2/24 0.0 4.33 4.39 4.45 4.31 444079972
2022/2/25 0.002309 4.33 4.3 4.35 4.29 336436150
2022/2/28 -0.004608 4.34 4.33 4.36 4.31 175487911
2022/3/1 0.009259 4.32 4.32 4.34 4.28 181403855
2022/3/2 0.004587 4.36 4.36 4.39 4.34 279224499
2022/3/3 0.009132 4.38 4.44 4.46 4.37 360681699
2022/3/4 0.002262 4.42 4.38 4.42 4.35 231600186
2022/3/7 -0.027088 4.43 4.35 4.45 4.32 262568717
2022/3/8 -0.016241 4.31 4.23 4.32 4.21 310873581
2022/3/9 -0.023585 4.24 4.14 4.25 4.05 270163648
2022/3/10 -0.004831 4.14 4.15 4.17 4.13 145890809
2022/3/11 0.002427 4.12 4.15 4.17 4.07 162844941
2022/3/14 -0.007264 4.13 4.11 4.19 4.11 148739420
2022/3/15 nan 4.1 3.98 4.11 3.97 287309780
